1,0.0000
2,87.8000
3,42.7000
4,160.2000
5,13052.6000
6,54.9000
7,70.5000
8,157.6000
9,73.3000
10,62.4000
11,13052.6000
12,62.1000
13,54.3000
14,71.8000
15,134.3000
16,60.2000
17,65.4000
18,69.6000
19,74.0000
20,62.4000
21,13052.6000
22,70.3000
23,13052.6000
24,13052.8000
25,66.8000
26,69.3000
27,75.6000
28,66.4000
29,68.6000
30,73.6000
31,69.9000
32,64.1000
33,75.8000
34,64.8000
35,13052.4000
36,66.3000
37,69.0000
38,66.5000
39,59.7000
40,72.4000
41,75.8000
42,69.0000
43,71.2000
44,73.4000
45,13052.8000
46,13052.6000
47,46.3000
48,90.9000
49,65.6000
50,13052.6000
51,69.0000
52,126.3000
53,68.0000
54,39.6000
55,13052.6000
56,75.6000
57,74.0000
58,79.4000
59,130.4000
60,72.5000
61,70.3000
62,77.6000
63,65.8000
64,248.4000
65,13052.4000
66,81.7000
67,75.8000
68,72.2000
69,62.2000
70,74.4000
71,112.7000
72,13052.4000
73,72.0000
74,69.2000
75,60.4000
76,71.4000
77,61.6000
78,89.7000
79,77.8000
80,13052.6000
81,53.0000
82,77.2000
83,72.8000
84,71.5000
85,134.1000
86,13052.6000
87,42.3000
88,76.9000
89,77.6000
90,75.2000
91,70.4000
92,13052.4000
93,70.4000
94,101.0000
95,66.9000
96,13052.7000
97,74.2000
98,13052.6000
99,78.9000
100,13052.8000
101,70.0000
102,72.9000
103,13052.6000
104,86.9000
105,13052.6000
106,75.6000
107,74.4000
108,13052.7000
109,39.5000
110,13052.6000
111,74.1000
112,13052.6000
113,89.2000
114,108.5000
115,13052.4000
116,71.2000
117,13052.6000
118,74.8000
119,73.0000
120,65.8000
121,13052.4000
122,13052.8000
123,13052.6000
124,70.0000
125,77.6000
126,36.6000
127,13052.6000
128,13052.8000
129,70.6000
130,13052.6000
131,66.3000
132,69.4000
133,71.2000
134,72.1000
135,134.6000
136,82.0000
137,13052.6000
138,13052.4000
139,67.4000
140,150.7000
141,13052.6000
142,125.6000
143,13052.6000
144,13052.6000
145,72.4000
146,75.6000
147,13052.6000
148,73.2000
149,73.2000
150,13052.6000
151,13052.4000
152,65.4000
153,13052.6000
154,77.8000
155,13052.7000
156,75.6000
157,75.6000
158,13052.8000
159,71.4000
160,47.2000
161,23.2000
162,62.3000
163,62.1000
164,13052.6000
165,76.4000
166,70.2000
167,13052.6000
168,80.6000
169,13052.6000
170,75.4000
171,76.6000
172,13052.6000
173,47.2000
174,103.4000
175,83.4000
176,13052.6000
177,13052.7000
178,13052.8000
179,75.8000
180,13052.6000
181,13052.7000
182,76.0000
183,86.0000
184,70.3000
185,75.6000
186,82.8000
187,76.0000
188,127.9000
189,60.5000
190,13052.6000
191,13052.6000
192,13052.8000
193,13052.6000
194,59.3000
195,73.8000
196,13052.6000
197,13052.6000
198,67.0000
199,13052.4000
200,13052.6000
201,13052.7000
202,13052.6000
203,75.0000
204,73.4000
205,89.0000
206,13052.8000
207,72.8000
208,75.8000
209,13052.6000
210,13052.6000
211,84.6000
212,13052.6000
213,132.8000
214,76.2000
215,13052.8000
216,125.5000
217,72.8000
218,74.4000
219,121.4000
220,66.0000
221,114.0000
222,13052.7000
223,13052.4000
224,67.3000
225,13052.6000
226,130.0000
227,72.2000
228,73.2000
229,13052.6000
230,94.2000
231,13052.6000
232,13052.6000
233,13052.6000
234,13052.6000
235,73.0000
236,80.2000
237,13052.4000
238,13052.4000
239,72.6000
240,13052.8000
241,13052.6000
242,13052.8000
243,77.6000
244,65.0000
245,69.2000
246,47.2000
247,75.6000
248,65.8000
249,13052.6000
250,13052.6000
251,13052.4000
252,13052.6000
253,59.6000
254,13052.4000
255,75.4000
256,79.0000
257,13052.8000
258,283.6000
259,13052.6000
260,76.0000
261,74.4000
262,73.6000
263,13052.8000
264,116.1000
265,13052.4000
266,71.7000
267,13052.6000
268,13052.7000
269,121.4000
270,65.0000
271,13052.4000
272,59.0000
273,70.8000
274,72.3000
275,67.8000
276,67.4000
277,68.2000
278,71.6000
279,13052.6000
280,61.5000
281,74.0000
282,75.2000
283,90.0000
284,13052.8000
285,64.2000
286,87.2000
287,68.7000
288,56.0000
289,54.5000
290,73.1000
291,13052.6000
292,13052.6000
293,88.8000
294,13052.6000
295,43.8000
296,68.7000
297,67.0000
298,13052.6000
299,13052.4000
300,13052.6000
301,71.0000
302,13052.6000
303,72.0000
304,13052.6000
305,76.1000
306,75.8000
307,65.9000
308,70.4000
309,77.6000
310,76.2000
311,13052.7000
312,75.2000
313,13052.6000
314,71.6000
315,80.2000
316,13052.4000
317,13052.6000
318,86.2000
319,13052.8000
320,74.6000
321,75.4000
322,89.9000
323,13052.6000
324,75.2000
325,13052.6000
326,13052.6000
327,13052.6000
328,127.4000
329,76.6000
330,13052.6000
331,71.8000
332,13052.6000
333,13052.4000
334,89.4000
335,13052.6000
336,13052.4000
337,23.8000
338,47.0000
339,99.5000
340,13052.6000
341,13052.6000
342,13052.6000
343,98.2000
344,13052.6000
345,183.3000
346,90.5000
347,13052.4000
348,13052.6000
349,13052.4000
350,65.2000
351,13052.6000
352,13052.6000
353,72.6000
354,13052.6000
355,86.2000
356,19.2000
357,74.2000
358,73.2000
359,31.5000
360,13052.8000
361,75.8000
362,114.3000
363,64.1000
364,13052.6000
365,65.5000
366,13052.6000
367,13052.6000
368,70.3000
369,13052.6000
370,13052.6000
371,13052.6000
372,72.6000
373,13052.6000
374,78.6000
375,73.0000
376,13052.6000
377,71.8000
378,88.7000
379,32.2000
380,75.8000
381,66.6000
382,13052.6000
383,68.4000
384,13052.6000
385,78.8000
386,47.2000
387,13052.6000
388,35.3000
389,40.5000
390,13052.7000
391,38.1000
392,37.8000
393,13052.6000
394,72.6000
395,13052.6000
396,69.2000
397,13052.6000
398,13052.6000
399,32.0000
400,13052.4000
401,13052.8000
402,13052.6000
403,13052.6000
404,13052.6000
405,63.7000
406,58.8000
407,71.0000
408,64.2000
409,57.0000
410,13052.6000
411,13052.6000
412,49.5000
413,55.7000
414,13052.7000
415,13052.6000
416,66.7000
417,13052.4000
418,13052.6000
419,119.5000
420,13052.6000
421,33.6000
422,76.0000
423,58.2000
424,13052.6000
425,13052.6000
426,78.0000
427,87.6000
428,78.8000
429,72.6000
430,13052.4000
431,13052.6000
432,13052.6000
433,13052.7000
434,77.5000
435,75.6000
436,68.2000
437,18.0000
438,13052.4000
439,71.2000
440,13052.6000
441,35.4000
442,13052.6000
443,75.6000
444,53.0000
445,71.2000
446,13052.6000
447,13052.4000
448,13052.6000
449,13052.7000
450,75.8000
451,13052.6000
452,13052.6000
453,13052.6000
454,48.5000
455,89.0000
456,114.1000
457,13052.7000
458,13052.6000
459,34.4000
460,13052.6000
461,83.0000
462,70.9000
463,75.8000
464,45.1000
465,13052.6000
466,13052.6000
467,13052.6000
468,13052.6000
469,118.4000
470,113.0000
471,13052.7000
472,13052.4000
473,13052.4000
474,13052.6000
475,70.6000
476,74.4000
477,32.5000
478,70.6000
479,135.2000
480,75.6000
481,82.2000
482,33.2000
483,63.2000
484,73.8000
485,60.0000
486,70.0000
487,71.0000
488,47.2000
489,47.0000
490,35.9000
491,35.4000
492,13052.6000
493,44.4000
494,49.4000
495,13052.6000
496,41.6000
497,47.5000
498,35.0000
499,35.0000
500,32.0000
501,13052.6000
502,34.0000
503,13052.6000
504,47.4000
505,70.0000
506,13052.6000
507,18.0000
508,35.3000
509,50.1000
510,13052.6000
511,13052.6000
512,13052.6000
