1,0.0000
2,13052.6000
3,67.6000
4,67.3000
5,71.2000
6,69.6000
7,71.4000
8,67.5000
9,13052.4000
10,75.4000
11,13052.7000
12,75.8000
13,13052.6000
14,13052.8000
15,155.6000
16,73.2000
17,37.0000
18,71.2000
19,70.4000
20,86.1000
21,70.4000
22,13052.6000
23,55.7000
24,31.7000
25,13052.6000
26,75.0000
27,67.7000
28,59.7000
29,63.7000
30,13052.6000
31,71.0000
32,62.1000
33,85.4000
34,69.8000
35,158.2000
36,70.4000
37,71.9000
38,71.0000
39,78.7000
40,61.6000
41,13052.6000
42,59.1000
43,72.4000
44,63.5000
45,68.3000
46,69.0000
47,65.4000
48,73.8000
49,13052.6000
50,61.1000
51,72.0000
52,71.4000
53,74.2000
54,71.6000
55,71.0000
56,13052.4000
57,58.8000
58,13052.7000
59,13052.6000
60,13052.6000
61,89.6000
62,67.6000
63,85.8000
64,13052.7000
65,62.7000
66,13052.8000
67,70.2000
68,81.2000
69,51.3000
70,13052.6000
71,63.4000
72,13052.6000
73,76.0000
74,65.9000
75,13052.4000
76,135.4000
77,67.6000
78,13052.4000
79,62.5000
80,71.4000
81,13052.4000
82,13052.7000
83,13052.8000
84,75.2000
85,65.1000
86,71.8000
87,13052.6000
88,70.9000
89,64.7000
90,116.5000
91,66.7000
92,76.0000
93,81.6000
94,64.0000
95,70.6000
96,73.8000
97,59.1000
98,69.8000
99,75.6000
100,76.7000
101,63.4000
102,71.3000
103,64.3000
104,74.6000
105,74.2000
106,96.4000
107,71.4000
108,54.1000
109,66.9000
110,13052.4000
111,68.4000
112,62.2000
113,71.9000
114,13052.4000
115,13052.6000
116,59.3000
117,65.6000
118,13052.6000
119,13052.6000
120,75.8000
121,47.2000
122,75.8000
123,64.5000
124,77.4000
125,74.2000
126,75.4000
127,72.5000
128,66.8000
129,13052.6000
130,13052.8000
131,13052.6000
132,68.8000
133,62.9000
134,69.7000
135,13052.6000
136,128.5000
137,138.3000
138,13052.6000
139,68.5000
140,13052.7000
141,13052.6000
142,13052.6000
143,78.8000
144,13052.6000
145,13052.8000
146,74.6000
147,71.8000
148,76.0000
149,73.6000
150,73.5000
151,73.9000
152,72.2000
153,68.4000
154,63.0000
155,74.8000
156,64.7000
157,13052.6000
158,13052.6000
159,88.9000
160,75.0000
161,75.2000
162,69.1000
163,76.0000
164,13052.6000
165,71.0000
166,13052.6000
167,78.6000
168,78.4000
169,71.0000
170,13052.4000
171,13052.6000
172,88.0000
173,13052.8000
174,61.6000
175,76.0000
176,13052.8000
177,70.0000
178,13052.6000
179,73.4000
180,72.8000
181,74.6000
182,100.7000
183,88.4000
184,57.6000
185,78.8000
186,13052.6000
187,55.1000
188,13052.6000
189,72.9000
190,68.3000
191,68.0000
192,73.4000
193,85.4000
194,67.4000
195,13052.8000
196,13052.7000
197,74.2000
198,76.0000
199,13052.6000
200,13052.6000
201,13052.6000
202,124.3000
203,38.9000
204,58.0000
205,113.2000
206,67.1000
207,59.1000
208,110.4000
209,13052.6000
210,73.8000
211,13052.4000
212,71.1000
213,13052.8000
214,13052.4000
215,66.4000
216,69.4000
217,13052.4000
218,13052.4000
219,13052.6000
220,127.8000
221,71.2000
222,13052.6000
223,79.2000
224,62.4000
225,74.0000
226,64.5000
227,65.1000
228,78.2000
229,13052.4000
230,72.8000
231,119.2000
232,72.4000
233,75.8000
234,73.6000
235,13052.6000
236,73.2000
237,135.3000
238,150.0000
239,13052.6000
240,13052.6000
241,13052.6000
242,13052.6000
243,13052.6000
244,13052.6000
245,86.5000
246,13052.7000
247,13052.6000
248,81.2000
249,83.3000
250,75.8000
251,85.7000
252,78.7000
253,75.6000
254,13052.6000
255,72.9000
256,67.4000
257,82.2000
258,13052.6000
259,73.4000
260,74.0000
261,13052.6000
262,74.0000
263,94.1000
264,13052.8000
265,13052.6000
266,79.4000
267,110.1000
268,13052.4000
269,13052.7000
270,13052.5000
271,89.0000
272,75.8000
273,13052.6000
274,13052.6000
275,13052.4000
276,76.4000
277,75.8000
278,70.6000
279,131.8000
280,13052.6000
281,13052.6000
282,105.4000
283,102.9000
284,71.4000
285,72.8000
286,13052.7000
287,13052.4000
288,75.2000
289,13052.6000
290,13052.6000
291,89.4000
292,13052.6000
293,83.4000
294,65.2000
295,13052.6000
296,13052.6000
297,84.5000
298,60.4000
299,71.5000
300,13052.6000
301,65.6000
302,13052.7000
303,82.4000
304,75.4000
305,13052.4000
306,69.7000
307,13052.4000
308,13052.7000
309,13052.4000
310,13052.6000
311,73.2000
312,13052.5000
313,73.0000
314,75.4000
315,34.4000
316,36.7000
317,81.4000
318,78.4000
319,13052.6000
320,78.4000
321,75.4000
322,13052.6000
323,97.4000
324,68.3000
325,13052.6000
326,13052.6000
327,135.2000
328,73.3000
329,126.2000
330,13052.7000
331,76.0000
332,76.5000
333,73.0000
334,13052.6000
335,76.4000
336,75.6000
337,70.4000
338,13052.7000
339,74.1000
340,75.2000
341,13052.7000
342,13052.7000
343,67.4000
344,13052.6000
345,115.9000
346,85.9000
347,93.9000
348,75.6000
349,75.8000
350,13052.4000
351,13052.6000
352,13052.6000
353,80.7000
354,73.1000
355,13052.7000
356,13052.6000
357,75.4000
358,83.6000
359,245.5000
360,74.0000
361,89.4000
362,86.6000
363,13052.6000
364,13052.8000
365,13052.8000
366,85.1000
367,13052.7000
368,13052.6000
369,73.4000
370,13052.6000
371,13052.8000
372,111.5000
373,66.0000
374,76.6000
375,13052.6000
376,66.3000
377,76.2000
378,13052.8000
379,71.6000
380,13052.6000
381,13052.6000
382,72.7000
383,13052.6000
384,13052.8000
385,124.6000
386,13052.6000
387,85.9000
388,83.7000
389,76.0000
390,59.0000
391,13052.6000
392,78.4000
393,13052.7000
394,13052.4000
395,13052.6000
396,13052.6000
397,13052.6000
398,13052.6000
399,58.1000
400,69.8000
401,73.0000
402,75.6000
403,67.8000
404,90.2000
405,87.6000
406,79.4000
407,83.8000
408,130.5000
409,71.0000
410,13052.6000
411,13052.8000
412,75.6000
413,13052.7000
414,13052.6000
415,13052.4000
416,75.2000
417,13052.6000
418,74.5000
419,13052.4000
420,70.8000
421,75.8000
422,77.6000
423,75.8000
424,75.2000
425,13052.6000
426,69.4000
427,73.8000
428,66.8000
429,143.1000
430,133.6000
431,59.4000
432,67.4000
433,13052.8000
434,68.6000
435,68.4000
436,75.8000
437,13052.6000
438,13052.6000
439,73.2000
440,13052.6000
441,78.2000
442,13052.8000
443,78.4000
444,13052.6000
445,13052.6000
446,13052.8000
447,122.3000
448,75.0000
449,83.5000
450,80.6000
451,89.9000
452,78.0000
453,13052.6000
454,13052.6000
455,13052.6000
456,78.8000
457,72.2000
458,13052.6000
459,76.1000
460,66.7000
461,13052.6000
462,13052.4000
463,75.8000
464,45.3000
465,158.3000
466,13052.4000
467,72.6000
468,87.4000
469,13052.4000
470,13052.4000
471,67.9000
472,77.8000
473,13052.6000
474,75.0000
475,13052.6000
476,281.6000
477,75.8000
478,13052.6000
479,48.6000
480,76.0000
481,34.6000
482,207.0000
483,60.8000
484,13052.6000
485,13052.6000
486,78.6000
487,13052.6000
488,96.5000
489,75.8000
490,62.8000
491,66.4000
492,85.8000
493,47.2000
494,70.0000
495,13052.8000
496,86.0000
497,78.0000
498,80.8000
499,79.5000
500,74.5000
501,13052.6000
502,13052.6000
503,13052.4000
504,28.0000
505,70.4000
506,13052.7000
507,135.2000
508,13052.6000
509,13052.6000
510,13052.7000
511,61.1000
512,74.4000
513,13052.6000
514,77.4000
515,90.6000
