1,0.0000
2,21.6000
3,11.4000
4,21.4000
5,18.4000
6,-1.6000
7,-1.6000
8,138.0000
9,29.8000
10,7.8000
11,-0.0000
12,53.4000
13,-0.8000
14,15.4000
15,44.0000
16,-0.6000
17,0.0000
18,-0.6000
19,34.4000
20,33.2000
21,35.4000
22,10.2000
23,-0.0000
24,-0.6000
25,6.6000
26,48.6000
27,11.4000
28,-0.0000
29,56.4000
30,37.8000
31,32.0000
32,44.6000
33,10.4000
34,9.2000
35,20.6000
36,6.2000
37,8.6000
38,16.0000
39,-1.6000
40,9.6000
41,43.0000
42,35.0000
43,19.8000
44,45.4000
45,15.6000
46,37.6000
47,22.8000
48,66.0000
49,8.2000
50,4.4000
51,10.8000
52,-1.6000
53,45.2000
54,19.0000
55,15.4000
56,10.2000
57,-0.6000
58,40.0000
59,34.0000
60,62.2000
61,-3.2000
62,0.0000
63,-0.0000
64,237.4000
65,65.4000
66,13.4000
67,-0.6000
68,-1.6000
69,-1.6000
70,5.0000
71,-0.2000
72,-3.2000
73,43.6000
74,24.4000
75,21.2000
76,0.8000
77,62.0000
78,22.4000
79,12.6000
80,40.2000
81,10.8000
82,28.6000
83,10.4000
84,61.8000
85,9.0000
86,23.2000
87,32.0000
88,-1.6000
89,14.6000
90,12.6000
91,42.2000
92,31.0000
93,19.0000
94,101.0000
95,7.4000
96,-3.2000
97,-1.6000
98,26.8000
99,0.0000
100,-0.6000
101,2.2000
102,71.6000
103,-0.6000
104,87.2000
105,26.8000
106,-0.0000
107,-0.6000
108,17.4000
109,13.8000
110,34.8000
111,28.0000
112,8.2000
113,-0.6000
114,6.0000
115,11.0000
116,-3.2000
117,-3.2000
118,-1.6000
119,21.6000
120,0.0000
121,-0.6000
122,-3.2000
123,9.2000
124,11.6000
125,1.4000
126,-1.6000
127,-1.6000
128,19.0000
129,-0.6000
130,22.0000
131,15.8000
132,38.6000
133,23.2000
134,27.8000
135,111.4000
136,14.4000
137,20.4000
138,-1.6000
139,12.4000
140,109.0000
141,89.2000
142,105.4000
143,1.2000
144,-0.6000
145,59.4000
146,25.8000
147,-1.6000
148,47.8000
149,13.4000
150,3.0000
151,5.6000
152,-0.0000
153,-0.0000
154,66.4000
155,3.6000
156,57.2000
157,28.8000
158,3.6000
159,13.8000
160,3.4000
161,-0.6000
162,9.8000
163,32.4000
164,-1.6000
165,24.8000
166,45.8000
167,75.0000
168,25.0000
169,-0.6000
170,59.0000
171,0.0000
172,25.0000
173,22.4000
174,104.2000
175,23.2000
176,19.2000
177,-0.0000
178,-0.6000
179,4.4000
180,38.0000
181,17.0000
182,-0.2000
183,-1.6000
184,43.4000
185,21.0000
186,6.4000
187,7.6000
188,87.2000
189,8.2000
190,-0.6000
191,-0.6000
192,27.4000
193,-0.6000
194,11.8000
195,32.6000
196,19.8000
197,-3.2000
198,10.2000
199,52.2000
200,75.6000
201,25.8000
202,13052.6000
203,75.0000
204,-0.6000
205,24.2000
206,-0.6000
207,44.4000
208,-1.6000
209,12.4000
210,54.6000
211,28.0000
212,83.2000
213,-0.0000
214,-0.6000
215,-3.2000
216,120.8000
217,0.0000
218,32.6000
219,96.0000
220,-0.0000
221,-0.6000
222,-1.6000
223,7.6000
224,-3.2000
225,26.2000
226,111.8000
227,-1.6000
228,74.6000
229,22.4000
230,0.0000
231,12.2000
232,-0.0000
233,-0.6000
234,22.4000
235,-0.6000
236,-0.6000
237,56.0000
238,22.0000
239,1.0000
240,1.8000
241,27.8000
242,1.0000
243,26.4000
244,1.6000
245,25.2000
246,10.0000
247,23.0000
248,40.4000
249,41.2000
250,0.4000
251,-0.6000
252,0.8000
253,60.2000
254,-0.0000
255,22.4000
256,-1.0000
257,21.6000
258,264.0000
259,-0.0000
260,14.0000
261,74.4000
262,12.8000
263,6.0000
264,19.4000
265,-0.0000
266,17.2000
267,0.4000
268,34.6000
269,119.8000
270,25.8000
271,-0.6000
272,-0.2000
273,17.6000
274,-0.0000
275,-3.2000
276,52.0000
277,22.4000
278,22.2000
279,-0.6000
280,4.0000
281,2.2000
282,9.4000
283,72.8000
284,12.6000
285,36.2000
286,48.0000
287,-1.6000
288,2.8000
289,45.2000
290,52.2000
291,56.4000
292,4.8000
293,-3.2000
294,17.6000
295,28.6000
296,23.6000
297,-1.6000
298,-0.6000
299,-1.6000
300,58.4000
301,60.8000
302,60.0000
303,49.4000
304,28.6000
305,28.8000
306,-0.6000
307,15.6000
308,4.0000
309,-1.6000
310,2.0000
311,-1.6000
312,-0.2000
313,-0.6000
314,52.2000
315,55.2000
316,15.6000
317,-1.6000
318,13.4000
319,-0.6000
320,4.6000
321,-1.6000
322,14.2000
323,103.8000
324,21.8000
325,76.0000
326,46.0000
327,-1.6000
328,127.0000
329,25.0000
330,-3.2000
331,37.0000
332,-3.2000
333,-3.2000
334,32.4000
335,28.2000
336,24.2000
337,2.2000
338,8.2000
339,-0.6000
340,22.4000
341,-1.6000
342,-1.6000
343,21.4000
344,-0.6000
345,183.4000
346,22.4000
347,-0.6000
348,-0.6000
349,-0.6000
350,-3.2000
351,22.4000
352,-1.6000
353,27.2000
354,58.0000
355,20.2000
356,14.6000
357,23.6000
358,0.0000
359,32.8000
360,12.0000
361,46.2000
362,-1.6000
363,-1.6000
364,-0.6000
365,24.4000
366,13.0000
367,22.4000
368,-0.6000
369,2.4000
370,-0.6000
371,12.2000
372,22.4000
373,-1.6000
374,-1.6000
375,22.4000
376,-1.6000
377,66.2000
378,-0.0000
379,-0.6000
380,-3.2000
381,2.4000
382,19.6000
383,-0.0000
384,-1.6000
385,37.6000
386,-0.6000
387,3.2000
388,34.0000
389,-0.6000
390,-1.6000
391,-1.6000
392,18.0000
393,120.6000
394,22.4000
395,23.2000
396,38.0000
397,8.8000
398,-0.6000
399,29.8000
400,70.8000
401,7.6000
402,27.2000
403,17.6000
404,-3.2000
405,25.0000
406,9.4000
407,2.0000
408,51.0000
409,0.2000
410,40.6000
411,36.0000
412,-1.6000
413,26.0000
414,85.0000
415,22.4000
416,0.0000
417,32.2000
418,11.8000
419,75.2000
420,13.0000
421,5.4000
422,-0.0000
423,-1.6000
424,-0.0000
425,39.0000
426,-1.6000
427,13.8000
428,0.0000
429,-0.6000
430,62.6000
431,-0.6000
432,55.8000
433,22.4000
434,-1.6000
435,42.6000
436,35.8000
437,-0.6000
438,-0.6000
439,46.2000
440,-0.6000
441,-1.6000
442,30.4000
443,53.4000
444,9.6000
445,-1.6000
446,77.6000
447,5.6000
448,63.4000
449,-0.6000
450,-1.6000
451,-0.6000
452,20.2000
453,0.0000
454,40.8000
455,-0.0000
456,115.6000
457,196.0000
458,21.6000
459,27.6000
460,30.6000
461,-1.6000
462,42.8000
463,20.2000
464,21.4000
465,31.2000
466,22.4000
467,72.4000
468,-1.6000
469,110.2000
470,100.4000
471,22.4000
472,0.0000
473,22.4000
474,-0.0000
475,-0.0000
476,71.4000
477,7.2000
478,54.2000
479,113.8000
480,22.4000
481,82.2000
482,-1.6000
483,63.2000
484,47.8000
485,13.4000
486,0.0000
487,22.4000
488,-0.6000
489,22.8000
490,-1.6000
491,30.2000
492,-0.6000
493,-1.6000
494,44.4000
495,44.6000
496,31.0000
497,7.4000
498,-1.6000
499,4.2000
500,5.8000
501,20.8000
502,-1.6000
503,13.6000
504,26.4000
505,-1.6000
506,-1.6000
507,-1.6000
508,-1.6000
509,44.6000
510,121.6000
511,-1.6000
512,-1.6000
